y=[ 1, 2, 3, 4, 5, 6, 7, 8, 9, 10, 11, 12, 13, 14, 15, 16, 17, 18, 19, 20, 21, 22, 23, 24, 25, 26, 27, 28, 29, 30, 31, 32, 33, 34, 35, 36, 37, 38, 39, 40, 41, 42, 43, 44, 45, 46, 47, 48, 49, 50, 51, 52, 53, 54, 55, 56, 57, 58, 59, 60, 61, 62, 63, 64, 65, 66, 67, 68, 69, 70, 71, 72, 73, 74, 75, 76, 77, 78, 79, 80, 81, 82, 83, 84, 85, 86, 87, 88, 89, 90, 91, 92, 93, 94, 95, 96, 97, 98, 99, 100, 101, 102, 103, 104, 105, 106, 107, 108, 109, 110, 111, 112, 113, 114, 115, 116, 117, 118, 119, 120, 121, 122, 123, 124, 125, 126, 127, 128, 129, 130, 131, 132, 133, 134, 135, 136, 137, 138, 139, 140, 141, 142, 143, 144, 145, 146, 147, 148, 149, 150, 151, 152, 153, 154, 155, 156, 157, 158, 159, 160, 161, 162, 163, 164, 165, 166, 167, 168, 169, 170, 171, 172, 173, 174, 175, 176, 177, 178, 179, 180, 181, 182, 183, 184, 185, 186, 187, 188, 189, 190, 191, 192, 193, 194, 195, 196, 197, 198, 199, 200, 201, 202, 203, 204, 205, 206, 207, 208, 209, 210, 211, 212, 213, 214, 215, 216, 217, 218, 219, 220, 221, 222, 223, 224, 225, 226, 227, 228, 229, 230, 231, 232, 233, 234, 235, 236, 237, 238, 239, 240, 241, 242, 243, 244, 245, 246, 247, 248, 249, 250, 251, 252, 253, 254, 255, 256, 257, 258, 259, 260, 261, 262, 263, 264, 265, 266, 267, 268, 269, 270, 271, 272, 273, 274, 275, 276, 277, 278, 279, 280, 281, 282, 283, 284, 285, 286, 287, 288, 289, 290, 291, 292, 293, 294, 295, 296, 297, 298, 299, 300, 301, 302, 303, 304, 305, 306, 307, 308, 309, 310, 311, 312, 313, 314, 315, 316, 317, 318, 319, 320, 321, 322, 323, 324, 325, 326, 327, 328, 329, 330, 331, 332, 333, 334, 335, 336, 337, 338, 339, 340, 341, 342, 343, 344, 345, 346, 347, 348, 349, 350, 351, 352, 353, 354, 355, 356, 357, 358, 359, 360, 361, 362, 363, 364, 365, 366, 367, 368, 369, 370, 371, 372, 373, 374, 375, 376, 377, 378, 379, 380, 381, 382, 383, 384, 385, 386, 387, 388, 389, 390, 391, 392, 393, 394, 395, 396, 397, 398, 399, 400, 401, 402, 403, 404, 405, 406, 407, 408, 409, 410, 411, 412, 413, 414, 415, 416, 417, 418, 419, 420, 421, 422, 423, 424, 425, 426, 427, 428, 429, 430, 431, 432, 433, 434, 435, 436, 437, 438, 439, 440, 441, 442, 443, 444, 445, 446, 447, 448, 449, 450, 451, 452, 453, 454, 455, 456, 457, 458, 459, 460, 461, 462, 463, 464, 465, 466, 467, 468, 469, 470, 471, 472, 473, 474, 475, 476, 477, 478, 479, 480, 481, 482, 483, 484, 485, 486, 487, 488, 489, 490, 491, 492, 493, 494, 495, 496, 497, 498, 499, 500, 501, 502, 503, 504, 505, 506, 507, 508, 509, 510, 511, 512, 513, 514, 515, 516, 517, 518, 519, 520, 521, 522, 523, 524, 525, 526, 527, 528, 529, 530, 531, 532, 533, 534, 535, 536, 537, 538, 539, 540, 541, 542, 543, 544, 545, 546, 547, 548, 549, 550, 551, 552, 553, 554, 555, 556, 557, 558, 559, 560, 561, 562, 563, 564, 565, 566, 567, 568, 569, 570, 571, 572, 573, 574, 575, 576, 577, 578, 579, 580, 581, 582, 583, 584, 585, 586, 587, 588, 589, 590, 591, 592, 593, 594, 595, 596, 597, 598, 599, 600, 601, 602, 603, 604, 605, 606, 607, 608, 609, 610, 611, 612, 613, 614, 615, 616, 617, 618, 619, 620, 621, 622, 623, 624, 625, 626, 627, 628, 629, 630, 631, 632, 633, 634, 635, 636, 637, 638, 639, 640, 641, 642, 643, 644, 645, 646, 647, 648, 649, 650, 651, 652, 653, 654, 655, 656, 657, 658, 659, 660, 661, 662, 663, 664, 665, 666, 667, 668, 669, 670, 671, 672, 673, 674, 675, 676, 677, 678, 679, 680, 681, 682, 683, 684, 685, 686, 687, 688, 689, 690, 691, 692, 693, 694, 695, 696, 697, 698, 699, 700, ];
x1=[ 0.257362, 0.256294, 0.255694, 0.255002, 0.255033, 0.254987, 0.25455, 0.253394, 0.253366, 0.252139, 0.250812, 0.251196, 0.250585, 0.249506, 0.249559, 0.249532, 0.248972, 0.24896, 0.248371, 0.248007, 0.246972, 0.247026, 0.247051, 0.247062, 0.247107, 0.247127, 0.246558, 0.245603, 0.245676, 0.245693, 0.24571, 0.245753, 0.24523, 0.245253, 0.244927, 0.243967, 0.243515, 0.24304, 0.24253, 0.242629, 0.242153, 0.242482, 0.242186, 0.241919, 0.241428, 0.241439, 0.240991, 0.241001, 0.240049, 0.240065, 0.240094, 0.2401, 0.240148, 0.239289, 0.239395, 0.238975, 0.238017, 0.237129, 0.237267, 0.237364, 0.236544, 0.236654, 0.236781, 0.236004, 0.236399, 0.236554, 0.236181, 0.236185, 0.235853, 0.235519, 0.235525, 0.235167, 0.235172, 0.234842, 0.234631, 0.233846, 0.233633, 0.233647, 0.233463, 0.233145, 0.232434, 0.23215, 0.231385, 0.231411, 0.231125, 0.23038, 0.230224, 0.230358, 0.230105, 0.229455, 0.2292, 0.229063, 0.228809, 0.228591, 0.228612, 0.228642, 0.228814, 0.228579, 0.228346, 0.227682, 0.227138, 0.2273, 0.227096, 0.227325, 0.227552, 0.227003, 0.227136, 0.227331, 0.227157, 0.22704, 0.227291, 0.227093, 0.227074, 0.226891, 0.226281, 0.225714, 0.225935, 0.225836, 0.225824, 0.225224, 0.22543, 0.224951, 0.225242, 0.225493, 0.22532, 0.225473, 0.225714, 0.225146, 0.2253, 0.225132, 0.225405, 0.225346, 0.225295, 0.225125, 0.225092, 0.2246, 0.224576, 0.224551, 0.224371, 0.223815, 0.224119, 0.224066, 0.22402, 0.223538, 0.223042, 0.222886, 0.222731, 0.222968, 0.22314, 0.222693, 0.222946, 0.222918, 0.222769, 0.22299, 0.22324, 0.223102, 0.223325, 0.223619, 0.223908, 0.223415, 0.223288, 0.222768, 0.223044, 0.222502, 0.222435, 0.221949, 0.221886, 0.221834, 0.222013, 0.221963, 0.222176, 0.222132, 0.221701, 0.221569, 0.221094, 0.221258, 0.22122, 0.221192, 0.221177, 0.220733, 0.220882, 0.220488, 0.220682, 0.22084, 0.221004, 0.220973, 0.220951, 0.220556, 0.220144, 0.219765, 0.219649, 0.219318, 0.218983, 0.218981, 0.218615, 0.218746, 0.218638, 0.218649, 0.218547, 0.21845, 0.218463, 0.218376, 0.218052, 0.218085, 0.218312, 0.218293, 0.218188, 0.218087, 0.218, 0.218252, 0.218227, 0.218221, 0.218128, 0.218052, 0.21771, 0.21772, 0.2174, 0.217636, 0.217838, 0.217868, 0.218055, 0.217736, 0.217727, 0.217803, 0.217984, 0.218164, 0.218319, 0.218215, 0.217905, 0.217868, 0.217935, 0.21765, 0.21783, 0.218027, 0.217726, 0.217704, 0.217596, 0.217712, 0.217389, 0.217289, 0.217269, 0.216997, 0.216976, 0.217222, 0.217118, 0.217295, 0.217512, 0.217423, 0.217334, 0.217025, 0.216944, 0.216879, 0.216839, 0.216986, 0.216922, 0.21686, 0.216822, 0.216795, 0.216705, 0.216648, 0.216818, 0.216859, 0.217023, 0.216953, 0.217156, 0.217102, 0.21679, 0.216507, 0.216495, 0.21657, 0.2163, 0.216217, 0.21616, 0.216078, 0.216133, 0.215869, 0.215806, 0.215573, 0.215636, 0.21561, 0.215374, 0.215304, 0.215289, 0.215287, 0.215094, 0.215092, 0.215101, 0.215115, 0.215292, 0.215298, 0.215467, 0.215651, 0.215821, 0.215746, 0.215522, 0.215703, 0.215492, 0.215588, 0.215512, 0.215294, 0.21523, 0.215226, 0.215038, 0.215225, 0.215407, 0.215222, 0.21516, 0.214965, 0.214912, 0.214728, 0.214547, 0.214728, 0.214665, 0.214491, 0.214495, 0.214442, 0.214575, 0.214409, 0.214242, 0.214249, 0.214346, 0.21418, 0.214328, 0.214336, 0.214281, 0.214129, 0.214089, 0.214202, 0.21426, 0.214327, 0.214283, 0.21412, 0.214124, 0.214138, 0.21409, 0.214049, 0.214187, 0.214152, 0.214159, 0.21427, 0.214215, 0.214073, 0.214236, 0.21437, 0.21421, 0.214347, 0.214331, 0.214303, 0.21429, 0.214267, 0.214256, 0.214433, 0.214419, 0.21425, 0.214093, 0.214104, 0.214113, 0.21409, 0.214122, 0.214102, 0.214107, 0.214229, 0.214085, 0.214146, 0.214301, 0.214268, 0.214272, 0.214286, 0.214301, 0.214167, 0.214038, 0.214063, 0.213942, 0.214011, 0.213969, 0.213926, 0.213805, 0.213932, 0.213889, 0.213852, 0.213739, 0.213757, 0.213646, 0.213769, 0.213811, 0.213885, 0.213849, 0.213831, 0.213824, 0.213816, 0.213934, 0.213926, 0.213933, 0.213936, 0.213964, 0.213971, 0.213835, 0.213707, 0.213744, 0.213741, 0.213734, 0.21362, 0.213615, 0.213647, 0.21372, 0.213705, 0.213696, 0.213677, 0.213706, 0.213758, 0.213756, 0.213745, 0.213633, 0.213528, 0.213573, 0.213593, 0.213618, 0.213525, 0.213499, 0.213528, 0.213576, 0.213605, 0.213562, 0.213657, 0.213717, 0.21373, 0.213799, 0.213884, 0.213789, 0.213874, 0.213894, 0.213957, 0.213864, 0.213991, 0.214096, 0.214206, 0.214138, 0.214158, 0.214246, 0.21421, 0.21412, 0.214055, 0.213991, 0.21406, 0.21402, 0.21398, 0.213955, 0.21385, 0.213817, 0.213717, 0.21372, 0.213732, 0.213818, 0.213789, 0.213805, 0.213821, 0.213736, 0.213758, 0.213813, 0.213884, 0.213971, 0.213983, 0.214048, 0.21396, 0.213974, 0.213992, 