y=[ 1, 2, 3, 4, 5, 6, 7, 8, 9, 10, 11, 12, 13, 14, 15, 16, 17, 18, 19, 20, 21, 22, 23, 24, 25, 26, 27, 28, 29, 30, 31, 32, 33, 34, 35, 36, 37, 38, 39, 40, 41, 42, 43, 44, 45, 46, 47, 48, 49, 50, 51, 52, 53, 54, 55, 56, 57, 58, 59, 60, 61, 62, 63, 64, 65, 66, 67, 68, 69, 70, 71, 72, 73, 74, 75, 76, 77, 78, 79, 80, 81, 82, 83, 84, 85, 86, 87, 88, 89, 90, 91, 92, 93, 94, 95, 96, 97, 98, 99, 100, 101, 102, 103, 104, 105, 106, 107, 108, 109, 110, 111, 112, 113, 114, 115, 116, 117, 118, 119, 120, 121, 122, 123, 124, 125, 126, 127, 128, 129, 130, 131, 132, 133, 134, 135, 136, 137, 138, 139, 140, 141, 142, 143, 144, 145, 146, 147, 148, 149, 150, 151, 152, 153, 154, 155, 156, 157, 158, 159, 160, 161, 162, 163, 164, 165, 166, 167, 168, 169, 170, 171, 172, 173, 174, 175, 176, 177, 178, 179, 180, 181, 182, 183, 184, 185, 186, 187, 188, 189, 190, 191, 192, 193, 194, 195, 196, 197, 198, 199, 200, 201, 202, 203, 204, 205, 206, 207, 208, 209, 210, 211, 212, 213, 214, 215, 216, 217, 218, 219, 220, 221, 222, 223, 224, 225, 226, 227, 228, 229, 230, 231, 232, 233, 234, 235, 236, 237, 238, 239, 240, 241, 242, 243, 244, 245, 246, 247, 248, 249, 250, 251, 252, 253, 254, 255, 256, 257, 258, 259, 260, 261, 262, 263, 264, 265, 266, 267, 268, 269, 270, 271, 272, 273, 274, 275, 276, 277, 278, 279, 280, 281, 282, 283, 284, 285, 286, 287, 288, 289, 290, 291, 292, 293, 294, 295, 296, 297, 298, 299, 300, 301, 302, 303, 304, 305, 306, 307, 308, 309, 310, 311, 312, 313, 314, 315, 316, 317, 318, 319, 320, 321, 322, 323, 324, 325, 326, 327, 328, 329, 330, 331, 332, 333, 334, 335, 336, 337, 338, 339, 340, 341, 342, 343, 344, 345, 346, 347, 348, 349, 350, 351, 352, 353, 354, 355, 356, 357, 358, 359, 360, 361, 362, 363, 364, 365, 366, 367, 368, 369, 370, 371, 372, 373, 374, 375, 376, 377, 378, 379, 380, 381, 382, 383, 384, 385, 386, 387, 388, 389, 390, 391, 392, 393, 394, 395, 396, 397, 398, 399, 400, 401, 402, 403, 404, 405, 406, 407, 408, 409, 410, 411, 412, 413, 414, 415, 416, 417, 418, 419, 420, 421, 422, 423, 424, 425, 426, 427, 428, 429, 430, 431, 432, 433, 434, 435, 436, 437, 438, 439, 440, 441, 442, 443, 444, 445, 446, 447, 448, 449, 450, 451, 452, 453, 454, 455, 456, 457, 458, 459, 460, 461, 462, 463, 464, 465, 466, 467, 468, 469, 470, 471, 472, 473, 474, 475, 476, 477, 478, 479, 480, 481, 482, 483, 484, 485, 486, 487, 488, 489, 490, 491, 492, 493, 494, 495, 496, 497, 498, 499, 500, 501, 502, 503, 504, 505, 506, 507, 508, 509, 510, 511, 512, 513, 514, 515, 516, 517, 518, 519, 520, 521, 522, 523, 524, 525, 526, 527, 528, 529, 530, 531, 532, 533, 534, 535, 536, 537, 538, 539, 540, 541, 542, 543, 544, 545, 546, 547, 548, 549, 550, 551, 552, 553, 554, 555, 556, 557, 558, 559, 560, 561, 562, 563, 564, 565, 566, 567, 568, 569, 570, 571, 572, 573, 574, 575, 576, 577, 578, 579, 580, 581, 582, 583, 584, 585, 586, 587, 588, 589, 590, 591, 592, 593, 594, 595, 596, 597, 598, 599, 600, 601, 602, 603, 604, 605, 606, 607, 608, 609, 610, 611, 612, 613, 614, 615, 616, 617, 618, 619, 620, 621, 622, 623, 624, 625, 626, 627, 628, 629, 630, 631, 632, 633, 634, 635, 636, 637, 638, 639, 640, 641, 642, 643, 644, 645, 646, 647, 648, 649, 650, 651, 652, 653, 654, 655, 656, 657, 658, 659, 660, 661, 662, 663, 664, 665, 666, 667, 668, 669, 670, 671, 672, 673, 674, 675, 676, 677, 678, 679, 680, 681, 682, 683, 684, 685, 686, 687, 688, 689, 690, 691, 692, 693, 694, 695, 696, 697, 698, 699, 700, 701, 702, 703, 704, 705, 706, 707, 708, 709, 710, 711, 712, 713, 714, 715, 716, 717, 718, 719, 720, 721, 722, 723, 724, 725, 726, 727, 728, 729, 730, 731, 732, 733, 734, 735, 736, 737, 738, 739, 740, 741, 742, 743, 744, 745, 746, 747, 748, 749, 750, ];
x1=[ 0.2928, 0.283228, 0.286029, 0.283297, 0.278672, 0.275437, 0.267164, 0.270026, 0.266059, 0.268408, 0.258292, 0.259096, 0.252117, 0.247235, 0.242339, 0.239564, 0.232074, 0.226796, 0.229013, 0.227293, 0.222938, 0.226258, 0.224744, 0.221527, 0.219385, 0.218013, 0.220429, 0.222981, 0.226709, 0.229633, 0.227352, 0.23114, 0.228094, 0.232714, 0.230862, 0.235475, 0.231714, 0.22548, 0.224534, 0.228835, 0.226332, 0.225829, 0.225892, 0.225874, 0.223274, 0.219452, 0.21629, 0.215411, 0.21489, 0.214789, 0.214685, 0.213446, 0.213719, 0.214559, 0.216099, 0.215986, 0.214291, 0.215992, 0.216976, 0.215038, 0.217184, 0.219942, 0.216954, 0.217136, 0.218385, 0.217982, 0.218319, 0.218558, 0.219265, 0.21927, 0.216707, 0.219322, 0.220912, 0.22441, 0.228095, 0.22699, 0.226501, 0.230562, 0.235067, 0.229042, 0.230054, 0.229031, 0.226453, 0.222132, 0.221346, 0.221409, 0.219894, 0.21756, 0.216662, 0.217044, 0.21569, 0.215771, 0.21628, 0.218229, 0.218314, 0.219293, 0.22259, 0.222157, 0.219534, 0.218574, 0.217229, 0.21701, 0.218525, 0.217652, 0.217118, 0.216927, 0.216807, 0.217101, 0.216957, 0.216851, 0.217202, 0.217671, 0.217455, 0.218375, 0.218253, 0.218343, 0.218098, 0.21793, 0.217794, 0.218656, 0.218521, 0.218762, 0.219636, 0.219408, 0.219741, 0.220154, 0.220514, 0.219958, 0.22045, 0.220347, 0.221452, 0.221037, 0.22112, 0.220485, 0.221256, 0.222255, 0.222385, 0.221435, 0.222551, 0.222955, 0.223585, 0.222189, 0.222951, 0.221968, 0.221479, 0.222406, 0.222339, 0.223062, 0.223813, 0.222987, 0.222296, 0.2215, 0.221977, 0.222204, 0.221562, 0.221938, 0.221574, 0.222124, 0.221687, 0.221838, 0.221933, 0.222574, 0.22263, 0.222029, 0.222182, 0.222889, 0.223459, 0.223273, 0.223728, 0.22392, 0.223756, 0.225651, 0.226291, 0.228968, 0.23047, 0.228429, 0.230281, 0.228343, 0.230105, 0.228903, 0.227594, 0.227233, 0.227645, 0.229893, 0.230443, 0.230284, 0.227174, 0.226079, 0.227231, 0.226735, 0.225893, 0.226191, 0.227129, 0.226824, 0.227411, 0.230426, 0.230577, 0.230817, 0.231628, 0.228455, 0.227951, 0.228956, 0.231347, 0.228236, 0.227168, 0.229852, 0.227255, 0.228218, 0.23091, 0.229487, 0.228333, 0.230659, 0.229346, 0.23141, 0.231236, 0.232085, 0.230593, 0.230124, 0.227959, 0.230411, 0.228366, 0.231131, 0.232584, 0.235728, 0.237723, 0.235095, 0.233645, 0.232101, 0.230881, 0.229143, 0.228649, 0.22816, 0.228151, 0.227351, 0.227314, 0.226916, 0.22713, 0.227508, 0.22719, 0.227581, 0.227228, 0.227434, 0.22739, 0.227696, 0.228502, 0.228236, 0.229047, 0.229267, 0.228895, 0.229262, 0.228951, 0.228531, 0.228559, 0.228801, 0.229478, 0.229835, 0.230498, 0.232336, 0.234303, 0.235726, 0.234631, 0.236184, 0.23499, 0.23276, 0.23115, 0.230838, 0.23245, 0.232162, 0.233935, 0.235878, 0.238189, 0.23643, 0.23557, 0.237836, 0.2401, 0.238739, 0.239701, 0.236124, 0.238456, 0.236682, 0.234544, 0.233296, 0.23291, 0.23376, 0.235511, 0.236599, 0.238888, 0.236294, 0.238363, 0.235808, 0.23779, 0.237181, 0.238564, 0.235757, 0.234713, 0.235502, 0.234349, 0.236276, 0.234514, 0.232936, 0.234333, 0.23334, 0.234984, 0.2369, 0.236088, 0.237915, 0.238572, 0.237055, 0.239088, 0.238374, 0.239122, 0.237145, 0.236663, 0.236102, 0.234859, 0.236198, 0.235215, 0.235402, 0.23571, 0.236134, 0.235419, 0.236446, 0.23666, 0.238048, 0.236944, 0.236862, 0.237773, 0.239014, 0.239416, 0.241272, 0.239967, 0.239336, 0.238502, 0.238808, 0.23898, 0.238564, 0.237176, 0.23664, 0.236238, 0.236955, 0.236573, 0.236704, 0.236986, 0.23777, 0.238045, 0.238305, 0.239278, 0.239305, 0.240889, 0.242733, 0.243939, 0.242693, 0.24038, 0.238967, 0.236931, 0.236876, 0.238318, 0.239312, 0.241247, 0.240614, 0.240007, 0.238175, 0.239761, 0.24174, 0.244013, 0.246275, 0.245258, 0.246526, 0.243354, 0.241424, 0.239154, 0.238284, 0.23977, 0.239443, 0.238743, 0.238817, 0.238952, 0.239317, 0.239759, 0.240238, 0.239799, 0.239316, 0.240111, 0.238731, 0.238499, 0.238141, 0.237822, 0.238483, 0.239307, 0.239069, 0.239239, 0.239907, 0.238309, 0.237404, 0.238055, 0.238805, 0.239831, 0.240915, 0.239271, 0.240343, 0.24088, 0.239802, 0.240999, 0.241251, 0.242325, 0.241243, 0.240291, 0.239246, 0.238641, 0.238641, 0.238852, 0.239702, 0.239007, 0.239028, 0.23915, 0.239517, 0.239557, 0.239143, 0.23956, 0.239268, 0.23939, 0.240377, 0.239521, 0.240212, 0.241283, 0.242841, 0.244786, 0.245957, 0.244328, 0.242292, 0.244261, 0.243333, 0.241686, 0.241139, 0.242422, 0.244138, 0.243272, 0.24505, 0.246786, 0.248973, 