y=[ 1, 2, 3, 4, 5, 6, 7, 8, 9, 10, 11, 12, 13, 14, 15, 16, 17, 18, 19, 20, 21, 22, 23, 24, 25, 26, 27, 28, 29, 30, 31, 32, 33, 34, 35, 36, 37, 38, 39, 40, 41, 42, 43, 44, 45, 46, 47, 48, 49, 50, 51, 52, 53, 54, 55, 56, 57, 58, 59, 60, 61, 62, 63, 64, 65, 66, 67, 68, 69, 70, 71, 72, 73, 74, 75, 76, 77, 78, 79, 80, 81, 82, 83, 84, 85, 86, 87, 88, 89, 90, 91, 92, 93, 94, 95, 96, 97, 98, 99, 100, 101, 102, 103, 104, 105, 106, 107, 108, 109, 110, 111, 112, 113, 114, 115, 116, 117, 118, 119, 120, 121, 122, 123, 124, 125, 126, 127, 128, 129, 130, 131, 132, 133, 134, 135, 136, 137, 138, 139, 140, 141, 142, 143, 144, 145, 146, 147, 148, 149, 150, 151, 152, 153, 154, 155, 156, 157, 158, 159, 160, 161, 162, 163, 164, 165, 166, 167, 168, 169, 170, 171, 172, 173, 174, 175, 176, 177, 178, 179, 180, 181, 182, 183, 184, 185, 186, 187, 188, 189, 190, 191, 192, 193, 194, 195, 196, 197, 198, 199, 200, 201, 202, 203, 204, 205, 206, 207, 208, 209, 210, 211, 212, 213, 214, 215, 216, 217, 218, 219, 220, 221, 222, 223, 224, 225, 226, 227, 228, 229, 230, 231, 232, 233, 234, 235, 236, 237, 238, 239, 240, 241, 242, 243, 244, 245, 246, 247, 248, 249, 250, 251, 252, 253, 254, 255, 256, 257, 258, 259, 260, 261, 262, 263, 264, 265, 266, 267, 268, 269, 270, 271, 272, 273, 274, 275, 276, 277, 278, 279, 280, 281, 282, 283, 284, 285, 286, 287, 288, 289, 290, 291, 292, 293, 294, 295, 296, 297, 298, 299, 300, 301, 302, 303, 304, 305, 306, 307, 308, 309, 310, 311, 312, 313, 314, 315, 316, 317, 318, 319, 320, 321, 322, 323, 324, 325, 326, 327, 328, 329, 330, 331, 332, 333, 334, 335, 336, 337, 338, 339, 340, 341, 342, 343, 344, 345, 346, 347, 348, 349, 350, 351, 352, 353, 354, 355, 356, 357, 358, 359, 360, 361, 362, 363, 364, 365, 366, 367, 368, 369, 370, 371, 372, 373, 374, 375, 376, 377, 378, 379, 380, 381, 382, 383, 384, 385, 386, 387, 388, 389, 390, 391, 392, 393, 394, 395, 396, 397, 398, 399, 400, 401, 402, 403, 404, 405, 406, 407, 408, 409, 410, 411, 412, 413, 414, 415, 416, 417, 418, 419, 420, 421, 422, 423, 424, 425, 426, 427, 428, 429, 430, 431, 432, 433, 434, 435, 436, 437, 438, 439, 440, 441, 442, 443, 444, 445, 446, 447, 448, 449, 450, 451, 452, 453, 454, 455, 456, 457, 458, 459, 460, 461, 462, 463, 464, 465, 466, 467, 468, 469, 470, 471, 472, 473, 474, 475, 476, 477, 478, 479, 480, 481, 482, 483, 484, 485, 486, 487, 488, 489, 490, 491, 492, 493, 494, 495, 496, 497, 498, 499, 500, ];
x1=[ 0.354211, 0.340532, 0.332204, 0.322756, 0.322556, 0.319108, 0.31137, 0.297854, 0.29661, 0.284753, 0.273474, 0.275017, 0.270925, 0.261455, 0.261103, 0.26104, 0.258723, 0.259208, 0.257292, 0.253203, 0.245894, 0.244667, 0.246761, 0.249402, 0.252843, 0.255814, 0.253967, 0.246714, 0.250489, 0.247645, 0.245049, 0.248548, 0.247591, 0.245393, 0.243189, 0.23613, 0.23629, 0.236781, 0.237649, 0.241012, 0.241619, 0.240621, 0.238206, 0.236821, 0.236681, 0.234191, 0.234761, 0.23264, 0.227465, 0.226027, 0.225147, 0.224562, 0.226048, 0.222636, 0.22507, 0.226414, 0.22253, 0.219953, 0.222199, 0.224571, 0.221519, 0.224059, 0.227396, 0.223764, 0.223893, 0.22773, 0.228003, 0.226116, 0.227011, 0.228181, 0.226509, 0.228281, 0.226537, 0.228446, 0.227685, 0.224421, 0.221887, 0.221235, 0.22055, 0.221291, 0.219901, 0.220824, 0.219536, 0.219576, 0.220464, 0.219654, 0.219179, 0.219604, 0.220367, 0.219689, 0.220502, 0.219898, 0.220534, 0.221554, 0.221064, 0.220793, 0.221674, 0.223066, 0.225054, 0.222954, 0.222077, 0.222825, 0.224396, 0.226152, 0.228524, 0.22607, 0.22792, 0.230507, 0.232065, 0.22999, 0.229083, 0.230505, 0.228237, 0.230001, 0.226691, 0.224404, 0.226714, 0.22586, 0.224402, 0.222884, 0.224639, 0.223374, 0.223628, 0.226042, 0.226273, 0.228557, 0.228576, 0.225959, 0.228127, 0.228417, 0.232331, 0.233153, 0.235092, 0.23378, 0.231611, 0.228819, 0.231449, 0.23457, 0.232156, 0.229377, 0.232741, 0.23093, 0.229152, 0.227415, 0.226426, 0.225137, 0.224519, 0.226289, 0.228244, 0.226417, 0.227202, 0.226225, 0.225637, 0.227752, 0.230809, 0.230836, 0.234147, 0.238761, 0.243697, 0.238128, 0.238147, 0.233335, 0.237306, 0.232469, 0.230335, 0.22772, 0.226353, 0.225442, 0.226839, 0.225818, 0.226291, 0.225718, 0.225265, 0.224899, 0.224692, 0.225077, 0.22489, 0.225027, 0.225513, 0.226, 0.225505, 0.225932, 0.225548, 0.225771, 0.2265, 0.226177, 0.226192, 0.22621, 0.226518, 0.226964, 0.226142, 0.226692, 0.227433, 0.228314, 0.229207, 0.227855, 0.227016, 0.227468, 0.226803, 0.22649, 0.226736, 0.226342, 0.226787, 0.227269, 0.228059, 0.228654, 0.228982, 0.227714, 0.227034, 0.226789, 0.226945, 0.227405, 0.2272, 0.227552, 0.227509, 0.227411, 0.227954, 0.227441, 0.227684, 0.228533, 0.229437, 0.229215, 0.229373, 0.231468, 0.23196, 0.233075, 0.234469, 0.233898, 0.232499, 0.231797, 0.234716, 0.233757, 0.234651, 0.236253, 0.234557, 0.233878, 0.231827, 0.235164, 0.23412, 0.232092, 0.231794, 0.231508, 0.231627, 0.231835, 0.230494, 0.231406, 0.233266, 0.232714, 0.23267, 0.230883, 0.231368, 0.232434, 0.231369, 0.230987, 0.232089, 0.233517, 0.232476, 0.231661, 0.231491, 0.232876, 0.231751, 0.230917, 0.230968, 0.231526, 0.233043, 0.234457, 0.232229, 0.231022, 0.230951, 0.230996, 0.230823, 0.230909, 0.230811, 0.230883, 0.231217, 0.231466, 0.230971, 0.23119, 0.231851, 0.23236, 0.232853, 0.23199, 0.232733, 0.233574, 0.234336, 0.235504, 0.236681, 0.237983, 0.235743, 0.237005, 0.237842, 0.235871, 0.234749, 0.233799, 0.234345, 0.233657, 0.233913, 0.234881, 0.233767, 0.23422, 0.233474, 0.23406, 0.234653, 0.233828, 0.233935, 0.233857, 0.233689, 0.233698, 0.233827, 0.233782, 0.234043, 0.233832, 0.233984, 0.234168, 0.234728, 0.234591, 0.234317, 0.234421, 0.234712, 0.235338, 0.234702, 0.235044, 0.235329, 0.236036, 0.235402, 0.235935, 0.235565, 0.235069, 0.235068, 0.23563, 0.235159, 0.235334, 0.235753, 0.236477, 0.235858, 0.235761, 0.235781, 0.235867, 0.236233, 0.236127, 0.236229, 0.236335, 0.236442, 0.237089, 0.236496, 0.237386, 0.236796, 0.237546, 0.237065, 0.238099, 0.239711, 0.241595, 0.240564, 0.238873, 0.237815, 0.237934, 0.23822, 0.23889, 0.238005, 0.238667, 0.238823, 0.238514, 0.238601, 0.238543, 0.238419, 0.238558, 0.238751, 0.239265, 0.240014, 0.240317, 0.240826, 0.242038, 0.242476, 0.242403, 0.241462, 0.240964, 0.241563, 0.240427, 0.240304, 0.24057, 0.24063, 0.241258, 0.241579, 0.240815, 0.24046, 0.240104, 0.240353, 0.241112, 0.242419, 0.244084, 0.245062, 0.244214, 0.246258, 0.245289, 0.242891, 0.244688, 0.243051, 0.242036, 0.241002, 0.241236, 0.241728, 0.241576, 0.241952, 0.241649, 0.241197, 0.24142, 0.241627, 0.242067, 0.241418, 0.241339, 0.241851, 0.241658, 0.241828, 0.242186, 0.242463, 0.243462, 0.244593, 0.244939, 0.243929, 0.245175, 0.245411, 0.246684, 0.245572, 0.24438, 0.243628, 0.244404, 0.244752, 0.244333, 0.244548, 0.245437, 0.246083, 0.245625, 0.245742, 0.24716, 0.249206, 0.249756, 0.247648, 0.247768, 0.250042, 0.249991, 0.24967, 0.247803, 0.246302, 0.246438, 0.245718, 0.24546, 0.245964, 0.245018, 0.245364, 0.244645, 0.244752, 0.245174, 0.245091, 0.245432, 0.245595, 0.246013, 0.246068, 0.246805, 0.246289, 0.246341, 0.246178, 0.246524, 0.246553, 0.246506, 0.247068, 0.247842, 0.247328, 0.247245, 0.247509, 0.247771, 0.247339, 0.247535, 0.247299, 0.248065, 0.248193, 0.248714, 0.247875, 0.247576, 0.248109, 0.24862, 0.248987, 0.249424, 0.249901, 0.249038, 0.249592, 0.249817, 0.248914, 0.249709, 0.24877, 0.248126, 0.248751, 0.248325, 0.248437, 0.248385, 0.248741, 0.248639, 0.248533, 0.2489, 0.248937, 0.249156, ];
